amplicon_colors <- c(ITS2 = "#690582",
                     TEF1 = "#f58300")
cereal_colors <- c(Wheat = "#66C2A5",
                   Barley = "#FC8D62",
                   Oat = "#8DA0CB")
cereal_shapes <- c(Wheat = 17,
                   Barley = 16,
                   Oat = 15)
sample_map_colors <- c("#f1f1f1",
                       "#ade0d6",
                       "#04a472",
                       "#046647")
barplot_ITS_colors <- c("palegreen2",
                        "#56B4E9",
                        "#F0E442",
                        "#009E73",
                        "#0072B2",
                        "#D55E00",
                        "#6A3D9A",
                        "#999999",
                        "#CC79A7",
                        "#E69F00",
                        "skyblue2",
                        "#E31A1C",
                        "#FF7F00",
                        "gold1",
                        "black")
sample_map_colors <- c(
  "#f1f1f1", # Light Gray
  "#f7fcf5", # Lightest Green
  "#e5f5e0",
  "#c7e9c0",
  "#a1d99b",
  "#74c476",
  "#41ab5d",
  "#238b45",
  "#006d2c",
  "#00441b",
  "#00260e"  # Darkest Green
)
