amplicon_colors <- c(ITS2 = "#690582",
                     TEF1 = "#f58300")
location_colors <- c(FUE = "#df982c",
                     RIO = "#59b2bf",
                     ZAM = "#c437bb")
location_shapes <- c(FUE = 17,
                     RIO = 15,
                     ZAM = 16)
cereal_colors <- c("Triticum sp." = "#028900",
                   "Hordeum vulgare" = "#602320",
                   "Avena sativa" = "#1b85b8")
cereal_shapes <- c("Triticum sp." = 17,
                   "Hordeum vulgare" = 16,
                   "Avena sativa" = 15)
sample_map_colors <- c("#f1f1f1",
                       "#ade0d6",
                       "#04a472",
                       "#046647")
barplot_16S_colors <- c("#FF0000",  # Red
                        "#90EE90",  # Light Green
                        "#0000FF",  # Blue
                        "#FFFF00",  # Yellow
                        "#00FFFF",  # Cyan
                        "#FF00FF",  # Magenta
                        "#FFA500",  # Orange
                        "#800080",  # Purple
                        "#FFC0CB",  # Pink
                        "#654321",  # Dark Brown
                        "#808080",  # Gray
                        "#006400",  # Dark Green
                        "#F5F5DC",  # Beige
                        "#000080",  # Navy
                        "#FF7F00")  # Bright Orange
barplot_ITS_colors <- c("palegreen2",
                        "#56B4E9",
                        "#F0E442",
                        "#009E73",
                        "#0072B2",
                        "#D55E00",
                        "#6A3D9A",
                        "#999999",
                        "skyblue2",
                        "#E69F00",
                        "#CC79A7",
                        "#E31A1C",
                        "#FF7F00",
                        "gold1",
                        "black")
